HARPNUM
1
2
6
8
10
11
12
14
17
26
38
40
41
43
45
46
49
51
54
57
58
67
71
83
86
89
92
98
104
107
114
115
116
128
131
135
145
146
147
155
156
175
182
185
187
190
198
211
218
219
220
221
223
224
226
241
245
248
252
256
259
270
273
274
279
284
285
297
316
317
318
321
323
325
327
335
338
340
342
345
347
354
355
361
362
364
366
367
368
371
377
384
392
393
394
401
403
405
407
414
415
421
429
431
436
437
438
443
444
451
455
466
480
488
494
495
504
507
514
527
532
536
538
540
556
572
576
580
587
589
590
595
597
602
603
605
610
618
619
622
625
631
632
637
639
640
643
650
651
661
662
667
674
676
677
681
684
685
686
693
695
700
702
705
712
713
714
725
728
734
740
744
746
748
750
751
753
755
759
764
765
772
781
794
798
799
803
805
812
814
817
819
824
833
843
846
847
850
851
853
854
856
867
869
875
878
892
899
900
902
903
909
913
918
924
926
927
932
940
948
950
956
970
971
975
976
982
990
997
1001
1005
1016
1019
1021
1026
1028
1038
1041
1046
1064
1066
1075
1079
1080
1089
1090
1092
1093
1113
1119
1120
1124
1126
1133
1149
1164
1165
1168
1170
1171
1183
1186
1209
1210
1221
1232
1237
1249
1256
1271
1275
1278
1300
1303
1309
1312
1313
1318
1319
1321
1327
1330
1338
1339
1340
1348
1350
1367
1381
1389
1390
1391
1396
1399
1405
1410
1422
1424
1425
1426
1447
1449
1455
1461
1464
1465
1471
1478
1480
1483
1484
1488
1492
1493
1495
1497
1500
1514
1520
1527
1528
1549
1557
1558
1564
1569
1572
1573
1574
1578
1582
1593
1594
1596
1603
1611
1613
1621
1628
1632
1634
1638
1644
1651
1653
1657
1658
1662
1669
1677
1680
1688
1690
1697
1701
1705
1715
1722
1724
1727
1735
1737
1744
1750
1756
1783
1789
1795
1806
1807
1832
1834
1844
1863
1866
1873
1877
1879
1886
1892
1893
1903
1907
1908
1930
1931
1939
1942
1943
1946
1948
1949
1951
1952
1959
1962
1970
1978
1979
1990
1993
1996
1997
1998
1999
2007
2011
2017
2021
2026
2028
2029
2036
2037
2039
2040
2044
2047
2059
2061
2069
2098
2106
2107
2109
2110
2112
2113
2114
2117
2121
2123
2130
2131
2137
2143
2144
2158
2166
2169
2171
2173
2176
2177
2178
2181
2186
2191
2193
2203
2220
2227
2239
2240
2245
2249
2259
2260
2262
2270
2291
2306
2314
2322
2329
2331
2337
2338
2341
2342
2344
2348
2351
2352
2353
2358
2360
2362
2366
2371
2372
2375
2380
2387
2400
2401
2403
2411
2414
2420
2425
2433
2436
2442
2450
2460
2469
2471
2489
2491
2492
2493
2501
2502
2504
2511
2519
2520
2522
2525
2533
2541
2543
2546
2557
2560
2569
2571
2573
2581
2583
2585
2587
2594
2595
2597
2598
2599
2605
2610
2619
2625
2626
2634
2635
2636
2651
2661
2663
2666
2669
2672
2673
2677
2683
2685
2691
2693
2696
2710
2711
2716
2718
2727
2732
2733
2735
2737
2739
2748
2749
2750
2754
2758
2760
2779
2790
2808
2809
2812
2822
2825
2832
2839
2852
2861
2875
2878
2887
2898
2904
2910
2912
2920
2922
2923
2942
2944
2945
2948
2952
2954
2964
2966
2968
2976
2981
2982
2984
2999
3001
3011
3012
3019
3022
3028
3031
3032
3048
3049
3056
3066
3068
3079
3082
3097
3098
3102
3103
3108
3113
3114
3115
3116
3119
3122
3129
3149
3154
3171
3176
3179
3188
3192
3194
3195
3199
3205
3212
3217
3220
3240
3244
3246
3247
3248
3250
3252
3258
3259
3260
3263
3267
3273
3286
3287
3288
3291
3293
3295
3298
3309
3311
3312
3320
3321
3323
3326
3330
3336
3341
3344
3353
3362
3364
3366
3367
3368
3371
3376
3386
3400
3415
3420
3432
3437
3441
3443
3446
3448
3457
3461
3473
3474
3481
3482
3483
3490
3492
3497
3513
3515
3520
3522
3532
3535
3542
3551
3557
3560
3563
3569
3580
3586
3587
3601
3602
3604
3608
3610
3612
3620
3624
3631
3635
3647
3648
3658
3668
3686
3688
3700
3703
3711
3719
3721
3730
3740
3741
3765
3766
3779
3784
3785
3793
3804
3806
3813
3821
3823
3824
3826
3836
3843
3845
3848
3853
3856
3874
3875
3877
3879
3894
3901
3907
3912
3926
3941
3942
3957
3985
3996
3999
4000
4011
4022
4023
4025
4040
4042
4065
4071
4073
4075
4088
4092
4093
4097
4108
4111
4123
4131
4133
4135
4138
4152
4156
4166
4179
4186
4189
4190
4197
4201
4205
4223
4224
4225
4228
4231
4252
4256
4265
4272
4284
4288
4290
4294
4295
4296
4302
4315
4321
4328
4339
4344
4351
4374
4375
4376
4379
4381
4383
4390
4396
4398
4422
4424
4610
4616
4623
4639
4640
4661
4667
4678
4679
4683
4690
4698
4711
4718
4726
4733
4734
4748
4750
4751
4760
4761
4764
4767
4781
4784
4800
4810
4814
4816
4817
4820
4839
4851
4862
4864
4868
4872
4874
4879
4882
4888
4896
4900
4901
4908
4915
4920
4921
4932
4938
4941
4942
4943
4954
4955
4963
4969
4973
4978
4995
5002
5004
5005
5011
5020
5022
5026
5028
5036
5039
5051
5054
5073
5075
5083
5099
5103
5107
5111
5112
5113
5114
5118
5120
5127
5144
5151
5183
5186
5198
5211
5212
5220
5229
5230
5233
5246
5249
5275
5296
5298
5315
5321
5326
5328
5331
5337
5342
5345
5347
5351
5354
5355
5360
5361
5366
5375
5376
5385
5387
5411
5415
5422
5423
5434
5446
5447
5450
5456
5461
5462
5472
5483
5492
5500
5518
5526
5534
5535
5537
5541
5543
5544
5545
5549
5550
5559
5571
5582
5586
5596
5598
5612
5615
5618
5627
5635
5637
5644
5652
5653
5658
5673
5675
5677
5678
5692
5718
5721
5724
5736
5738
5739
5745
5749
5750
5758
5772
5773
5783
5789
5807
5808
5818
5823
5830
5831
5845
5848
5850
5856
5865
5876
5880
5883
5885
5890
5894
5916
5919
5935
5939
5940
5944
5948
5949
5956
5957
5961
5963
5970
5974
5976
5982
5983
5985
5987
5990
5991
6002
6004
6006
6010
6013
6015
6026
6027
6050
6052
6054
6060
6063
6064
6069
6074
6075
6078
6084
6099
6100
6107
6124
6136
6140
6154
6155
6164
6167
6171
6172
6178
6189
6205
6206
6207
6210
6223
6224
6227
6231
6242
6246
6247
6250
6258
6273
6281
6289
6301
6302
6313
6317
6319
6320
6324
6327
6345
6351
6353
6356
6359
6361
6370
6383
6391
6394
6396
6398
6399
6403
6404
6407
6411
6418
6424
6427
6428
6436
6437
6439
6454
6464
6470
6483
6489
6492
6500
6505
6507
6508
6515
6518
6522
6523
6530
6532
6537
6544
6545
6550
6558
6560
6566
6576
6585
6591
6599
6613
6615
6617
6626
6629
6632
6657
6661
6662
6664
6666
6670
6680
6681
6683
6684
6688
6692
6693
6699
6703
6711
6715
6716
6722
6728
6731
6732
6737
6745
6752
6754
6759
6764
6769
